#Observed DensePak rotation curves from 
#Kuzio de Naray et al. 2006, ApJS, 165, 461 and
#Kuzio de Naray et al. 2008, ApJ, 676, 920
#
#
#
#Meaning of each column:
#Name: 	name of galaxy
#R": 	radius in arcsec
#Vobs: 	observed velocity in km/s
#err:	error on Vobs in km/s
#Entries marked by an * are data points excluded from halo fits
#
#
#Name	         R"        Vobs        err
#UGC 4325
	         1.5       10.7        3.6
	         4.5       22.9        3.0
	         7.5        8.9        2.4
	        10.5       15.3        3.1
	        13.5       33.7        1.9
	        16.5       34.2        1.9
	        19.5       34.7        1.4
	        22.5       41.2        1.9
	        25.5       47.0        1.6
	        28.5       53.3        2.0
	        31.5       59.4        2.2
	        34.5       66.5        1.9
	        37.5       61.5        2.0
	        40.5       82.2        2.6
	        43.5       83.0        4.3
	        46.5       88.1        6.4
	        49.5       98.2        4.3
	        52.5      110.7       23.6
	        55.5      104.9        3.2
	        58.5       83.1       17.9
#
#F563-V2
		 4.5       53.4        3.0
	         7.5       52.7       10.8
	        10.5       67.6       13.4
	        13.5       88.5       22.4
	        16.5       98.8        9.5
	        19.5       89.0       12.6
	        22.5      103.8       12.6
#
#F563-1
	         4.5       22.1        7.2
	         7.5       39.0       10.5
	        10.5       60.6        7.7
	        13.5       87.0        8.9
	        16.5*     126.6*       9.5*
	        19.5*     106.9*       6.5*
	        22.5*     118.0*       6.5*
	        25.5*     146.4*      13.3*
#
#DDO 64
	         1.5        6.3        4.9
	         4.5        7.6        3.0
	         7.5        9.9        2.6
	        10.5       13.8        1.4
	        13.5        9.1        2.5
	        16.5       16.6        3.2
	        19.5       14.2        2.5
	        25.5       13.3        1.2
	        28.5       22.4        2.4
	        31.5       25.2        5.0
	        34.5       32.0        4.0
	        40.5       30.8        1.7
	        43.5       41.6        2.9
	        46.5       44.6        2.3
	        49.5       36.7        4.0
	        52.5       51.2        3.9
	        55.5       44.9        1.8
	        58.5       53.6       13.0
	        61.5       48.1        9.8
	        64.5       59.8        9.0
#
#F568-3
	         4.5       32.3        1.9
	         7.5       62.4       11.0
	        10.5       78.0        8.0
	        13.5       85.5        6.5
	        16.5       78.1        4.6
	        19.5      102.6        4.5
	        22.5      114.3        9.0
#
#UGC 5750
	         1.5       10.4        3.1
	         7.5       19.1        4.4
	        10.5       24.3        3.1
	        13.5       37.9        1.6
	        16.5       41.2        5.3
	        19.5       45.5        6.2
	        22.5       48.3        5.3
	        25.5       58.5        6.1
	        28.5       73.4       10.7
	        31.5       61.4       12.0
#
#NGC 4395
	         1.5        4.0        1.7
	         4.5        3.8        1.7
	         7.5        9.6        2.6
	        10.5       20.7        1.9
	        13.5       28.7        2.9
	        16.5       28.6        1.8
	        19.5       26.0        1.9
	        22.5       21.5        3.3
	        25.5       24.9        3.7
	        28.5       32.2        3.3
	        34.5       32.0        4.5
	        37.5       25.4        7.1
	        40.5       12.0        4.3
	        43.5       32.7        5.2
	        46.5       24.3        3.7
#
#F583-4
	         4.5       15.4        8.9
	         7.5       42.7        7.9
	        10.5       41.0        4.8
	        13.5       58.3        6.3
	        16.5       52.1        7.1
	        19.5       62.5        3.4
	        22.5       61.8        4.0
	        25.5*      95.8*       7.9*
	        28.5*      83.9*       7.2*
	        31.5*      74.8*      14.0*
#
#F583-1
	         1.5       14.6       13.0
	         4.5       10.7        7.1
	         7.5       18.3        5.5
	        10.5       32.3        2.4
	        13.5       43.8        4.3
	        19.5       62.2        5.1
	        22.5       59.4        9.9
	        25.5       63.0        3.2
	        28.5       62.6        1.2
	        31.5       71.3        3.0
	        34.5       65.4        7.0
	        37.5       72.4        5.8
#
#UGC 477
	         5.0       30.6       10.6
	         7.0       32.7        7.7
	        11.0       42.6        5.3
	        13.0       39.2        3.8
	        17.0       69.0        1.0
	        19.0       72.7        1.7
	        21.0       76.6        5.4
	        23.0       77.9        2.4
	        25.0       78.9        2.8
	        27.0       78.4        5.4
	        29.0       75.2        2.9
	        31.5       80.8        3.8
	        34.5       85.4        2.8
	        37.5       79.1        2.9
	        40.5       88.8        4.7
	        43.5      102.4        4.5
	        46.5      106.0        3.3
	        49.5       95.0        4.2
	        52.5      102.1        3.9
	        55.5      101.7        3.7
	        58.5      111.7        3.7
#
#UGC 1281
	         5.0        2.5        2.2
	         7.0       11.2        2.8
	         9.0        7.9        3.1
	        13.0       15.6        1.2
	        15.0       12.9        3.3
	        17.0        8.8        2.3
	        23.0        9.6        1.8
	        25.0       12.1        4.8
	        27.0        8.9        1.3
	        29.0        7.0        3.5
	        31.0       14.1        5.0
	        33.0       18.3        1.4
	        35.0       16.2        4.0
	        37.0       14.1        4.5
	        39.0       12.1        2.9
	        41.0       20.4        2.3
	        43.0       19.3        1.8
	        45.0       24.3        2.1
	        47.0       25.4        5.8
	        49.0       17.8        6.3
	        51.5       33.5        3.7
	        54.5       30.1        2.7
	        60.5       26.5        1.2
	        63.5       33.6        3.1
	        66.5       45.8        1.9
	        69.5       37.8        5.5
#
#NGC 7137
	         1.0        9.9       10.5
	         5.0       26.1        4.1
	         7.0       40.4        5.2
	         9.0       52.1        5.5
	        11.0       56.6        4.5
	        13.0       56.0        3.8
	        15.0       56.0        2.4
	        17.5       50.9        2.6
	        20.5       58.2        2.3
	        23.5       53.9        3.2
	        26.5       71.6        3.0
	        29.5       62.3        5.3
#
#UGC 11820
	         3.0       14.8        4.7
	         5.0       17.4        4.1
	         7.0       23.8        3.1
	         9.0       33.0        3.5
	        11.5       40.7        7.3
	        14.5       71.5        4.3
	        17.5       62.3       10.0
	        20.5       72.7        2.1
	        26.5       96.9       21.1
	        32.5       76.0       20.5
	        35.5       61.2       13.3
	        38.5       76.5       12.1
	        44.5       93.0       14.7
#
#UGC 128
	         4.5       34.3        3.8
	         7.5       48.8       11.9
	        10.5       59.5        9.8
	        13.5       61.8       13.9
	        16.5       85.9        5.5
	        19.5      107.5        2.6
	        22.5      120.2        6.4
	        25.5      111.0        2.2
	        31.5      144.9        4.1
	        34.5      123.4        5.5
	        40.5      115.8        3.2
	        46.5      133.2        8.4
#
#UGC 191
	         4.5*      12.3*       1.4*
	         7.5       33.6        1.6
	        10.5       38.7        2.6
	        13.5       52.0        2.3
	        16.5       55.9        2.7
	        19.5       64.7        2.1
	        22.5       84.6        3.1
	        25.5       67.7        4.0
	        28.5       97.2        5.1
#
#UGC 1551
	         3.0*      19.4*       6.9*
	         5.0*      18.6*       3.0*
	         9.0*      19.7*       3.7*
	        11.0*      23.9*       1.1*
	        13.0*      18.8*       2.6*
	        15.0       30.8        5.6
	        17.5       42.5        2.2
	        20.5       42.1        1.8
	        23.5       50.3        2.8
	        26.5       55.8        2.9
	        29.5       45.7        1.7
	        32.5       54.8        3.7
	        35.5       78.1        7.4
	        38.5       82.5       10.3
#
#NGC 959
	         4.5       30.5        6.8
	         7.5       38.1        4.6
	        10.5       43.6        3.3
	        13.5       50.2        2.9
	        16.5       59.9        4.3
	        19.5       62.7        2.7
	        22.5       69.3        3.2
	        25.5       70.2        2.8
	        28.5       77.6        1.7
	        31.5       75.3        3.3
	        34.5       79.2        3.7
	        37.5       73.0        3.5
	        40.5       78.8        5.7
	        43.5       76.7        4.5
